63645818552738.3
63645818552751.3
63645818552762.3
63645818552773.4
63645818552784.4
63645818552795.4
63645818552806.5
63645818552817.5
63645818552828.5
63645818552839.6
63645818552850.6
63645818552861.6
63645818552871.9
63645818552882.9
63645818552893.5
63645818552904.6
63645818552915.2
63645818552926.2
63645818552937.2
63645818552948.3
63645818552959.3
63645818552970.3
63645818552981.4
63645818552992.4
63645818553003.4
63645818553014.4
63645818553025.5
63645818553036.5
63645818553047.5
63645818553058.6
63645818553069.6
63645818553080.6
63645818553091.6
63645818553111.6
63645818553127.2
63645818553142.8
63645818553158.4
63645818553174.1
63645818553189.7
63645818553205.3
63645818553221
63645818553236.6
63645818553252.2
63645818553267.9
63645818553283.5
63645818553299.1
63645818553314.7
63645818553330.3
63645818553346
63645818553361.6
63645818553377.2
63645818553392.9
63645818553408.5
63645818553424.1
63645818553439.7
63645818553455.4
63645818553471
63645818553486.6
63645818553502.2
63645818553517.9
63645818553533.5
63645818553549.1
aaa
63645818553564.7
63645818553580.4
63645818553599
63645818553614.6
63645818553630.2
63645818553645.9
63645818553661.5
63645818553677.1
63645818553692.7
63645818553708.3
63645818553724
63645818553739.6
63645818553755.2
63645818553771.5
63645818553802.1
63645818553817.9
63645818553833.4
63645818553849.6
63645818553865.3
63645818553880.8
63645818553896.4
63645818553912
63645818553927.6
63645818553943.2
63645818553958.8
63645818553974.4
63645818553990.1
63645818554005.7
63645818554021.1
63645818554036.5
63645818554052.1
63645818554067.8
63645818554083.4
63645818554099.5
63645818554115.1
63645818554130.7
63645818554146.3
63645818552738.3
63645818552751.3
63645818552762.3
63645818552773.4
63645818552784.4
63645818552795.4
63645818552806.5
63645818552817.5
63645818552828.5
63645818552839.6
63645818552850.6
63645818552861.6
63645818552871.9
63645818552882.9
63645818552893.5
63645818552904.6
63645818552915.2
63645818552926.2
63645818552937.2
63645818552948.3
63645818552959.3
63645818552970.3
63645818552981.4
63645818552992.4
63645818553003.4
63645818553014.4
63645818553025.5
63645818553036.5
63645818553047.5
63645818553058.6
63645818553069.6
63645818553080.6
63645818553091.6
63645818553111.6
63645818553127.2
63645818553142.8
63645818553158.4
63645818553174.1
63645818553189.7
63645818553205.3
63645818553221
63645818553236.6
63645818553252.2
63645818553267.9
63645818553283.5
63645818553299.1
63645818553314.7
63645818553330.3
63645818553346
63645818553361.6
63645818553377.2
63645818553392.9
63645818553408.5
63645818553424.1
63645818553439.7
63645818553455.4
63645818553471
63645818553486.6
63645818553502.2
63645818553517.9
63645818553533.5
63645818553549.1
aaa
63645818553564.7
63645818553580.4
63645818553599
63645818553614.6
63645818553630.2
63645818553645.9
63645818553661.5
63645818553677.1
63645818553692.7
63645818553708.3
63645818553724
63645818553739.6
63645818553755.2
63645818553771.5
63645818553802.1
63645818553817.9
63645818553833.4
63645818553849.6
63645818553865.3
63645818553880.8
63645818553896.4
63645818553912
63645818553927.6
63645818553943.2
63645818553958.8
63645818553974.4
63645818553990.1
63645818554005.7
63645818554021.1
63645818554036.5
63645818554052.1
63645818554067.8
63645818554083.4
63645818554099.5
63645818554115.1
63645818554130.7
63645818554146.3