63645818803351.1
63645818803382.3
63645818803397.9
63645818803413.6
63645818803429.2
63645818803444.8
63645818803460.4
63645818803476.1
63645818803491.7
63645818803507.3
63645818803523
63645818803538.6
63645818803554.2
63645818803569.8
63645818803585.5
63645818803601.1
63645818803616.7
63645818803632.3
63645818803648
63645818803663.6
63645818803679.2
63645818803694.9
63645818803710.5
63645818803726.1
63645818803741.7
63645818803757.4
63645818803773
63645818803788.6
63645818803804.2
63645818803819.9
63645818803835.5
63645818803851.1
63645818803866.8
63645818803882.4
63645818803898
63645818803913.6
63645818803929.2
63645818803944.9
63645818803960.5
63645818803976.1
63645818803991.8
63645818804007.4
63645818804023
63645818804038.6
63645818804054.3
63645818804069.9
63645818804085.5
63645818804101.1
63645818804116.8
63645818804132.4
aaa
63645818804148
63645818804163.7
63645818804179.3
63645818804194.9
63645818804210.5
63645818804226.2
63645818804241.8
63645818804257.4
63645818804273
63645818804288.7
63645818804304.3
63645818804319.9
63645818804335.5
63645818804351.2
63645818804366.8
63645818804382.4
63645818804398
63645818804413.7
63645818804429.3
63645818804444.9
63645818804460.6
63645818804476.2
63645818804491.8
63645818804507.4
63645818804523.1
63645818804538.7
63645818804554.3
63645818804569.9
63645818804585.6
63645818804601.2
63645818804616.8
63645818804632.5
63645818804648.1
63645818804663.7
63645818804679.4
63645818804695
63645818804710.6
63645818804726.3
63645818804741.9
63645818804757.5
63645818804773.1
63645818804788.8
63645818804804.4
63645818804820
63645818804835.6
63645818804851.2
63645818804866.9
63645818804882.5
63645818804898.2
63645818803351.1
63645818803382.3
63645818803397.9
63645818803413.6
63645818803429.2
63645818803444.8
63645818803460.4
63645818803476.1
63645818803491.7
63645818803507.3
63645818803523
63645818803538.6
63645818803554.2
63645818803569.8
63645818803585.5
63645818803601.1
63645818803616.7
63645818803632.3
63645818803648
63645818803663.6
63645818803679.2
63645818803694.9
63645818803710.5
63645818803726.1
63645818803741.7
63645818803757.4
63645818803773
63645818803788.6
63645818803804.2
63645818803819.9
63645818803835.5
63645818803851.1
63645818803866.8
63645818803882.4
63645818803898
63645818803913.6
63645818803929.2
63645818803944.9
63645818803960.5
63645818803976.1
63645818803991.8
63645818804007.4
63645818804023
63645818804038.6
63645818804054.3
63645818804069.9
63645818804085.5
63645818804101.1
63645818804116.8
63645818804132.4
aaa
63645818804148
63645818804163.7
63645818804179.3
63645818804194.9
63645818804210.5
63645818804226.2
63645818804241.8
63645818804257.4
63645818804273
63645818804288.7
63645818804304.3
63645818804319.9
63645818804335.5
63645818804351.2
63645818804366.8
63645818804382.4
63645818804398
63645818804413.7
63645818804429.3
63645818804444.9
63645818804460.6
63645818804476.2
63645818804491.8
63645818804507.4
63645818804523.1
63645818804538.7
63645818804554.3
63645818804569.9
63645818804585.6
63645818804601.2
63645818804616.8
63645818804632.5
63645818804648.1
63645818804663.7
63645818804679.4
63645818804695
63645818804710.6
63645818804726.3
63645818804741.9
63645818804757.5
63645818804773.1
63645818804788.8
63645818804804.4
63645818804820
63645818804835.6
63645818804851.2
63645818804866.9
63645818804882.5
63645818804898.2